1979 1999
1923 2000
1905 1993
1990 1999
1962 1974
1982 1985
1970 1995
1980 2000
1927 1933
1960 1984
1908 1910
1996 1998
1942 1966
1925 1958
1976 1984
1934 1965
1941 1973
1961 1991
1958 1992
1950 1988
1953 1958
1902 1955
1962 1988
1926 1962
1933 1960
1916 1967
1908 1972
1960 1995
1937 1952
1958 1960
1979 1992
1997 1998
1941 1988
1943 1966
1953 1977
1978 1979
1940 1982
1980 1989
1990 1997
1909 1987
1943 1974
1992 1997
1916 1959
1913 1998
1966 1979
1994 1999
1998 2000
1987 1988
1936 1972
1945 1966
1918 1951
1972 1995
1956 1980
1955 1972
1956 1966
1936 1964
1932 1939
1929 1937
1943 1951
1967 1980
1905 1925
1967 1972
1982 1997
1931 1991
1933 1970
1973 1985
1901 1981
1962 1995
1992 2000
1935 1993
1996 1998
1958 1969
1961 1981
1906 1976
1967 1989
1978 1993
1965 1982
1946 1977
1957 1975
1900 1948
1941 1977
1955 1993
1982 1995
1913 1933
1954 1966
1965 1972
1994 1996
1975 1983
1991 1997
1955 1956
1960 1971
1999 2000
1949 1976
1979 1982
1974 1976
1965 1991
1942 1953
1973 1974
1906 1927
1918 1945
1947 1956
1989 1991
1916 1946
1952 2000
1963 1967
1972 1987
1929 1954
1946 1961
1944 1996
1928 1943
1918 1997
1996 1999
1962 1987
1966 1968
1936 1938
1920 1973
1902 1905
1978 1996
1950 1989
1910 1989
1997 2000
1995 2000
1957 1999
1958 1986
1936 1969
1946 1963
1942 1999
1915 1929
1973 1986
1989 2000
1986 1991
1932 1987
1974 1992
1900 1979
1977 1984
1990 1993
1927 1930
1935 1942
1954 1974
1957 1976
1969 1984
1920 1957
1954 1999
1970 1998
1934 1982
1948 1956
1989 1993
1915 1943
1927 1977
1925 1996
1908 1914
1955 1983
1917 1960
1925 1930
1927 1941
1956 1996
1929 1968
1935 1947
1911 1936
1977 1986
1971 1989
1915 1958
1958 1981
1954 1970
1985 1989
1938 1981
1918 2000
1975 1979
1981 1999
1903 1909
1900 1928
1912 1986
1971 1992
1922 1924
1925 1997
1922 1946
1923 1980
1911 1956
1903 1910
1947 1992
1973 1975
1924 1959
1995 1999
1980 1992
1982 1995
1921 1989
1973 1997
1959 1972
1958 1990
1967 1988
1977 1989
1948 1964
1993 1995
1909 1921
1909 1951
1952 1962
1956 1965
1973 1987
1909 1967
1956 1975
1940 1946
1931 1935
1956 1982
1909 1918
1914 1947
1931 1961
1904 1977
1979 1981
1931 1967
1934 1996
1909 1949
1976 1990
1933 1987
1914 1991
1945 2000
1934 1986
1997 1998
1914 1983
1973 1986
1922 1976
1947 1949
1980 1983
1992 1999
1970 1975
1966 1981
1996 1997
1947 1954
1958 1977
1935 1960
1943 1978
1978 1994
1922 1993
1940 1943
1927 1950
1996 1997
1919 1956
1952 1996
1968 1987
1962 1973
1925 1935
1918 1981
1934 1989
1976 1993
1974 1987
1940 1953
1945 1981
1918 1984
1912 1993
1941 1959
1939 1989
1917 1923
1917 1989
1999 2000
1988 1998
1902 1945
1923 1988
1933 1992
1930 1995
1934 1992
1987 1995
1926 1997
1992 1997
1940 1986
1946 1998
1968 1974
1926 1989
1906 1968
1914 1963
1911 1958
1919 1938
1938 1946
1981 2000
1989 1999
1908 1960
1940 1962
1983 1993
1922 1969
1937 1947
1985 2000
1983 1988
1999 2000
1981 1987
1985 1997
1981 1995
1939 1983
1906 1999
1940 1999
1964 1997
1938 1984
1912 1953
1983 1999
1976 1999
1973 1987
1956 1984
1955 1961
1942 1964
1904 1987
1972 1998
1912 1941
1970 1996
1990 1993
1988 2000
1934 1983
1911 1967
1958 1983
1908 1976
1972 1993
1918 1933
1989 1998
1937 1971
1930 1932
1910 1996
1917 1985
1935 1949
1969 1995
1913 1958
1983 1999
1968 1970
1931 1998
1959 2000
1921 1957
1918 1986
1937 1977
1969 1984
1908 1981
1960 1994
1940 1957
1901 1966
1948 1986
1982 2000
1910 1974
1936 1990
1923 1941
1933 1945
1961 1991
1969 1983
1951 1995
1916 1959
1972 1984
1944 1978
1997 1998
1902 1952
1951 1983
1915 1959
1928 1985
1909 1930
1997 1998
1923 1929
1913 1984
1956 1981
1946 1953
1908 1971
1970 1988
1995 1996
1978 1998
1966 1991
1930 1987
1947 2000
1984 1996
1998 2000
1967 1996
1994 1996
1902 1956
1941 1948
1922 1973
1926 1986
1995 1997
1999 2000
1942 1954
1975 1999
1938 1950
1971 1985
1942 2000
1985 1990
1992 1997
1978 1983
1944 1976
1980 1982
1975 2000
1941 1967
1915 1946
1969 1987
1986 1989
1954 1982
1918 1986
1974 1994
1984 1985
1919 1928
1915 1995
1992 1999
1947 1995
1945 1960
1948 1995
1907 1948
1952 1957
1905 1924
1941 1983
1915 1947
1948 1976
1900 1973
1991 2000
1921 1967
1914 1938
1939 1951
1960 1975
1953 2000
1948 1956
1918 1934
1901 1974
1922 1977
1993 1997
1975 1985
1911 1953
1987 1998
1916 1974
1926 1949
1956 1974
1936 1996
1969 1973
1979 1997
1954 1979
1902 1997
1933 1963
1934 1965
1914 1999
1913 1977
1989 2000
1931 1968
1961 1988
1966 1969
1941 1960
1956 1997
1913 1968
1967 1986
1900 1934
1971 1994
1957 1984
1904 1983
1909 1950
1908 1946
1901 1969
1962 1978
1994 1999
1942 1965
1914 1940
1960 1972
1926 1955
1920 1933
1915 1945
1984 1988
1993 2000
1952 1963
1937 1976
1971 1975
1975 1992
1972 2000
1994 1996
1909 1917
1967 1972
1937 1945
1938 1954
1997 1998
1960 1993
1919 1926
1914 1927
1903 1973
1905 1995
1943 1982
1999 2000
1903 1974
1963 1967
1937 1986
1977 1989
1901 1957
1906 1958
1998 1999
1904 1941
1979 1987
1905 1919
1959 1986
1965 1977
1964 1999
1981 1989
1935 1968
1952 1997
1983 1984
1958 1989
1950 1975
1993 1996
1900 1981
1956 1998
1950 1960
1901 1961
1926 1987
1919 1953
1989 1996
1982 1984
1989 1997
1983 1985
1994 2000
1996 1997
1927 1939
1947 1963
1932 1933
1979 1993
1902 1986
1958 1995
1940 1990
1951 1980
1948 1976
1972 1996
1907 1932
1952 1978
1936 1943
1904 1989
1987 2000
1971 1986
1926 1944
1909 1939
1927 1990
1909 1986
1974 1988
1996 1997
1915 1979
1952 1965
1926 1981
1996 2000
1971 1981
1920 1939
1922 1948
1905 1984
1913 1925
1942 1953
1964 1992
1905 1990
1944 1969
1966 1996
1987 1998
1954 1955
1984 1992
1999 2000
1944 1992
1955 1989
1974 1979
1925 1941
1959 1968
1976 1991
1933 1982
1977 1991
1912 1975
1915 1919
1993 1999
1929 1930
1997 1998
1909 1973
1924 1965
1965 1979
1957 1995
1920 1924
1904 1943
1911 1926
1968 1987
1946 1989
1982 1988
1960 1991
1911 1964
1987 1997
1908 1948
1939 1988
1970 1971
1914 1923
1962 1980
1908 1927
1914 1968
1901 1917
1915 1979
1984 1994
1983 1989
1916 1946
1947 1968
1974 1982
1975 1995
1922 1986
1905 1992
1998 2000
1969 1982
1992 1999
1944 1955
1907 1922
1945 1964
1915 1916
1995 1996
1958 1989
1906 1973
1941 1958
1969 1972
1958 1977
1930 1996
1989 1994
1911 1963
1930 1962
1965 1971
1926 1935
1970 1998
1996 1999
1927 2000
1922 1977
1931 1934
1973 1979
1959 1997
1940 2000
1970 1975
1938 1944
1954 1991
1920 1958
1900 1933
1977 1992
1942 1960
1936 1966
1980 1984
1986 1995
1911 1983
1977 1992
1969 1977
1980 1983
1939 1980
1908 1938
1998 1999
1916 1957
1937 1975
1902 1983
1930 1936
1986 1988
1946 1956
1946 1952
1964 1980
1920 1951
1927 1936
1919 1957
1904 1915
1913 1989
1978 1998
1992 1999
1978 1987
1943 1958
1906 1930
1982 1998
1960 1987
1974 1995
1989 1990
1932 1991
1990 2000
1989 1996
1957 1979
1928 1954
1959 1961
1966 1998
1936 1968
1943 1946
1955 1984
1985 2000
1930 1996
1922 1968
1999 2000
1933 1936
1986 1990
1989 1996
1960 1986
1998 1999
1909 1988
1921 1967
1939 1965
1930 1958
1995 1997
1914 1946
1964 1967
1938 1943
1912 1984
1995 1999
1990 1992
1925 1973
1948 1962
1944 1945
1999 2000
1991 1992
1907 1921
1990 1993
1939 1992
1905 1982
1984 1992
1952 1959
1970 1995
1952 1972
1973 1992
1965 1974
1982 1996
1991 1994
1965 1976
1930 1966
1979 1991
1958 1970
1931 1986
1947 1965
1994 1998
1914 1934
1986 1999
1982 1983
1998 1999
1981 1999
1960 1984
1911 1998
1998 2000
1919 1975
1926 1954
1926 1936
1953 1990
1940 1955
1942 1999
1977 1980
1943 1956
1982 1984
1996 1998
1994 1999
1922 1981
1997 1999
1938 1947
1919 1994
1925 1992
1966 1994
1943 1981
1989 2000
1972 1992
1996 2000
1972 2000
1910 1963
1989 1993
1910 1952
1957 2000
1969 1997
1959 1986
1981 1992
1978 1979
1913 1989
1953 1986
1931 1960
1940 1965
1938 1965
1995 1998
1951 1991
1978 1986
1974 1979
1934 2000
1992 1993
1996 1997
1906 1923
1914 1965
1978 1998
1965 1988
1941 1948
1926 1983
1912 1952
1904 1978
1964 1972
1911 1938
1985 1990
1982 1984
1911 1925
1995 1997
1971 1991
1942 1960
1993 1999
1904 1983
1925 1950
1948 1968
1903 1929
1950 1961
1910 1930
1900 1974
1911 1914
1955 1960
1958 1960
1933 1958
1988 1989
1986 1987
1956 1994
1971 1978
1901 1945
1990 1996
1910 1930
1999 2000
1935 1988
1920 1924
1961 1980
1951 1981
1946 1998
1997 2000
1962 1971
1935 1982
1969 1997
1958 1969
1915 1932
1931 1984
1921 1935
1965 1973
1972 1981
1991 1999
1950 1954
1974 1983
1945 1960
1940 1943
1930 1970
1912 1973
1902 1922
1931 1954
1949 1991
1913 1999
1936 1979
1933 1983
1940 1971
1920 1929
1952 1992
1960 1974
1951 1991
1987 1997
1986 1998
1965 1993
1914 1915
1917 1963
1988 1991
1940 1994
1981 1986
1978 1980
1970 1974
1957 1992
1940 1950
1932 1970
1982 1994
1991 1993
1981 1990
1909 1935
1962 1994
1909 1990
1930 1962
1947 1948
1904 1978
1907 1955
1972 1993
1904 1905
1976 1994
1966 1976
1914 1972
1948 1990
1932 1946
1948 1951
1909 1942
1970 1988
1973 1995
1982 1989
1910 1960
1935 1950
1913 1949
1935 1961
1902 1910
1907 1978
1921 1969
1908 1990
1960 1972
1993 1998
1972 1988
1952 1992
1942 1991
1907 1932
1919 1949
1983 1986
1929 1986
1934 1987
1909 1943
1957 1983
1973 1996
1998 2000
1945 2000
1981 1986
1951 1961
1984 2000
1913 2000
1923 1991
1913 1931
1955 1963
1905 1948
1959 1993
1920 1975
1934 1989
1914 1919
1974 1995
1937 1977
1917 1979
1968 1991
1957 1999
1928 1963
1926 1966
1962 1995
1946 1980
1946 1966
1984 1997
1904 1958
1992 1995
1984 1998
1959 1969
1978 1985
1993 1994
1961 1979
1963 1985
1948 1970
1916 1917
1900 1964
1915 1991
1991 1994
1904 1964
1982 1996
1910 1938
1981 1994
1929 1994
1966 1976
1931 1984
1987 1996
1918 1998
1962 1989
1900 1926
1914 1932
1961 1964
1999 2000
1976 1979
1929 1940
1971 1978
1967 1979
1935 1961
1966 1975
1933 1963
1973 1989
1905 1914
1964 1982
1935 1942
1929 1962
1945 1964
1934 1941
1965 1994
1922 1984
1949 1971
1996 1998
1973 1979
1906 1956
1907 1919
1962 1972
1996 1997
1941 1977
1958 1983
1924 1978
1914 1925
1937 1989
1957 1972
1916 1983
1910 1913
1981 1997
1985 1998
1953 1986
1936 1966
1999 2000
1994 1997
1990 1995
1965 1990
1932 1976
1947 1999
1918 1945
1945 1970
1909 1933
1914 1971
1989 1996
1961 1981
1969 1986
1988 1991
1955 1986
1944 1976
1946 1957
1967 1976
1958 1972
1920 1963
1918 1942
1941 1972
1918 1942
1966 1994
1994 2000
1902 1984
1910 1928
1990 1994
1951 1962
1998 2000
1985 1989
1996 2000
1971 1989
1935 1969
